# deverseli800.tumblr.com
40820518291
41145399905
41196849480
41197029603
41279795922
41280415764
41288004165
41362166204
41362647738
41388173853
41441665625
41442647448
41555529335
41555661128
41556504450
41640088398
41705836372
41706444852
41707607103
41788135425
41789252165
41792800122
41879135104
41905703238
41953056197
42070819512
42076746054
42183768588
42520532651
42589608692
42624195935
43415839923
43499631364
43502988162
43511304634
43582160823
44157650132
44157823831
44250086797
44270434777
44305391926
44319619955
44337485147
44337545645
44393048368
44549246300
44635553311
44650294941
44658562482


# willpowernewyork.tumblr.com
44393003357


# ascotproject.tumblr.com
41667120918
41667346695
41708506722
41796445740
41871314472
41886176452
41969852736
43491485026
43579848508
43646847357
43931482022
44201598119
44241195026
44317134049
44379405246
44393177257
44548177120
44721324218

# jamesbondlooks.tumblr.com
41144872515
41211349197
41380758408
41663146532
41723057807
42006621329
42006788761
42210619581
42538919329
43096479743
44005701286
44275395917
44675358550
